0
0
0
0
0
0
0
0
0
0
0
0
0
0
0
0
0
0
0
0
0
0
0
0
0
0
0
0
0
0
0
0
0
0
0
0
0
0
0
0
0
0
0
0
0
0
0
0
1
0
0
0
0
0
0
0
0
0
0
1
0
0
0
0
0
1
0
0
0
0
0
0
0
0
0
0
2
0
0
1
0
0
0
0
0
0
0
0
0
0
1
0
0
0
0
0
1
0
2
0
0
0
0
1
1
1
0
1
0
0
0
0
0
2
0
2
0
1
1
0
0
0
1
0
3
0
1
1
0
0
1
2
1
2
2
3
8
7
27
66
95
141
192
254
295
363
467
464
474
598
699
697
819
879
971
1034
1051
1175
1297
1297
1485
1504
1607
1756
1908
1934
2124
2337
2310
2560
2684
2890
3000
3140
3288
3467
3687
3763
3998
4187
4253
4571
4790
5010
5153
5282
5541
5729
5924
6145
6558
6589
6651
6910
7246
7557
7657
7831
8091
8173
8373
8543
8800
9013
9176
9350
9471
9667
9847
10103
10273
10232
10374
10642
10488
10701
10910
11028
11046
11397
11149
11361
11402
11585
11621
11788
11632
11665
11863
11902
11876
11942
11913
11899
12038
12015
11966
11775
11630
11839
11834
11726
11728
11820
11741
11750
11864
11798
11442
11513
11633
11660
11200
11254
11215
11326
11158
11036
11100
11007
10821
10855
10756
10777
10692
10463
10410
10393
10310
10085
10108
9995
9944
9822
9607
9926
9618
9402
9359
9393
9374
9259
9121
9090
9059
8881
8789
8667
8572
8368
8486
8361
8219
8288
8197
7898
7881
7679
7790
7677
7435
7404
7218
7265
7067
6950
6984
6943
6838
6693
6579
6519
6527
6429
6373
6241
6203
6108
6091
5824
5795
5709
5686
5518
5555
5338
5263
5337
5271
5098
5180
5055
4764
4808
4683
4659
4567
4552
4510
4541
4371
4420
4296
4084
4123
4061
4049
3896
3868
3878
3779
3615
3578
3561
3522
3496
3512
3291
3290
3191
3293
3041
3185
2993
2973
2989
2905
2795
2805
2667
2617
2766
2609
2676
2547
2545
2443
2353
2389
2326
2314
2221
2237
2106
2095
2057
1984
2031
1987
1988
1887
1859
1883
1751
1714
1762
1624
1747
1597
1646
1565
1533
1464
1493
1421
1410
1379
1353
1376
1282
1303
1249
1217
1302
1180
1147
1213
1061
1096
1030
1065
1046
1026
957
956
938
917
923
926
835
793
825
795
824
764
709
755
697
734
685
653
646
615
629
639
589
594
563
628
557
520
542
555
479
452
485
426
421
391
418
439
409
407
442
359
342
369
351
314
