0
0
0
0
0
0
0
1
0
0
0
0
0
0
0
0
0
0
0
0
0
0
1
0
0
0
0
0
0
0
2
1
1
1
2
1
4
4
4
4
7
5
5
8
6
7
12
11
7
16
11
10
19
11
18
14
10
13
13
14
19
23
22
21
23
26
22
20
23
26
24
20
20
27
25
26
23
26
23
25
39
28
32
26
29
27
29
30
28
22
28
32
31
34
34
34
27
34
34
39
28
29
26
39
26
38
27
37
26
33
34
35
39
35
22
38
30
26
32
34
35
38
36
24
35
31
31
33
31
46
38
35
34
31
28
23
27
34
31
38
33
50
34
53
42
48
58
56
66
55
64
60
73
72
88
64
74
62
74
76
74
60
67
69
64
60
72
78
83
83
77
58
72
83
76
64
65
74
72
64
76
85
91
65
82
82
76
69
69
68
68
74
69
62
63
51
67
55
54
60
73
63
54
62
77
50
64
66
60
53
65
56
44
61
57
57
53
73
51
52
51
53
49
44
68
44
60
59
69
51
64
56
65
49
54
48
50
55
57
60
44
52
60
55
54
44
55
56
56
47
48
45
52
38
33
42
40
57
45
47
51
52
44
62
40
50
60
52
50
39
46
37
53
56
39
51
30
37
31
46
34
33
34
28
43
49
32
32
34
41
55
26
53
34
27
45
36
41
34
26
38
49
32
29
33
28
39
31
31
28
17
22
38
35
33
31
28
26
18
28
38
26
27
24
33
22
26
29
33
36
21
25
22
23
27
32
28
23
24
29
17
26
27
15
18
27
23
20
24
26
30
22
21
24
29
26
25
24
20
12
14
24
29
27
14
31
18
29
20
22
17
14
16
23
17
14
18
17
10
13
21
15
13
12
12
19
9
12
14
16
11
8
11
10
6
10
7
16
4
5
10
4
3
7
3
4
5
8
8
5
4
6
4
10
11
7
6
9
3
6
4
2
2
10
2
5
2
7
6
1
8
4
4
5
1
5
4
7
5
9
12
5
10
3
6
11
4
7
5
5
2
4
7
4
5
8
5
9
6
7
8
6
6
8
5
6
9
7
5
4
8
8
4
11
11
11
9
9
6
7
12
8
3
7
10
4
12
12
11
9
6
3
8
7
8
14
10
5
8
11
7
10
1
16
8
7
4
5
3
7
16
11
7
7
11
12
12
8
14
5
8
11
8
8
12
12
5
6
9
14
8
7
13
8
8
12
8
7
19
4
16
5
9
10
8
15
8
12
8
10
18
5
8
5
5
12
13
14
9
8
10
5
10
9
11
17
8
8
10
12
18
12
18
9
12
8
15
11
8
13
11
16
8
9
14
15
15
15
8
13
15
22
18
14
8
17
13
12
17
12
7
15
8
12
8
14
9
17
14
17
14
10
12
8
17
7
16
16
16
13
8
8
9
12
20
10
18
16
18
10
17
14
17
10
12
12
9
14
12
9
15
11
24
12
16
17
16
11
23
13
11
15
11
14
12
18
13
11
19
21
11
21
10
15
15
11
16
7
18
13
12
13
22
23
12
21
12
17
11
11
12
15
12
12
19
9
20
14
13
13
17
15
27
15
9
3
10
17
22
18
17
19
18
25
16
13
15
11
22
10
13
15
25
16
19
20
11
13
14
24
9
21
24
15
15
15
12
11
14
13
11
19
14
25
19
18
16
11
12
16
13
21
25
16
20
19
12
10
14
17
20
12
11
19
7
20
13
17
18
13
17
18
12
12
15
16
8
18
19
14
20
21
13
16
15
14
13
17
13
8
11
11
11
10
14
16
13
12
20
15
11
20
11
13
12
17
17
14
14
21
16
17
14
11
14
18
20
23
12
17
10
14
23
17
17
17
12
19
16
12
11
14
16
17
14
14
23
10
13
14
12
17
17
15
22
9
19
20
18
15
15
11
13
27
21
17
22
16
4
12
14
19
18
21
21
18
6
16
18
14
13
21
15
14
25
18
15
19
20
13
15
21
25
13
18
8
24
14
21
18
13
20
16
17
16
21
9
16
20
17
14
12
15
16
19
19
12
20
22
21
18
12
10
24
14
14
15
13
16
14
9
23
15
20
16
22
16
15
13
18
16
16
17
17
20
24
14
23
11
12
16
8
13
8
12
17
20
10
15
18
17
19
17
20
18
18
15
16
12
16
17
23
17
21
12
17
13
27
14
18
16
15
9
12
10
8
12
15
11
19
14
13
22
18
22
11
17
15
18
23
18
29
12
17
20
20
16
13
14
19
18
12
18
17
18
16
15
31
15
15
12
12
15
12
17
13
18
7
15
17
23
12
13
16
14
16
16
19
23
18
21
16
12
12
16
16
15
15
14
16
15
16
13
18
14
11
11
11
18
14
14
17
14
15
20
22
20
21
13
14
21
15
19
21
19
19
14
12
17
18
18
21
16
13
17
9
17
13
15
12
12
17
21
20
12
13
20
11
21
15
20
13
14
16
12
14
19
15
16
19
13
17
7
14
16
8
19
15
13
15
13
14
13
12
17
14
19
17
11
8
14
21
11
19
12
16
8
17
20
13
10
13
10
12
8
11
15
8
19
16
16
15
15
9
8
14
11
19
15
19
19
12
13
4
15
15
8
11
13
17
12
8
8
14
15
13
15
14
16
11
13
13
15
9
14
20
15
10
20
9
13
4
16
14
10
13
20
9
8
10
12
21
15
17
12
12
12
15
13
10
12
17
10
13
13
9
18
13
10
7
13
14
11
9
13
13
18
10
8
12
16
9
22
13
13
13
16
17
14
13
14
11
11
13
7
10
7
20
11
10
14
14
10
17
15
14
14
9
16
20
10
13
15
23
13
16
11
16
4
15
10
16
11
15
12
8
11
17
8
16
14
15
16
11
13
14
16
8
15
7
8
12
12
16
18
11
10
11
16
9
11
12
22
9
17
15
10
17
11
6
5
16
15
14
14
16
11
12
5
14
15
14
12
10
12
21
10
10
11
11
9
12
15
16
11
11
10
14
13
13
6
12
10
7
11
14
16
11
19
11
10
8
19
9
24
7
12
10
8
17
15
17
9
16
9
14
15
7
14
10
6
16
14
14
12
17
15
8
13
12
13
16
14
11
10
21
14
11
16
25
20
15
13
9
8
9
20
12
13
14
10
4
18
14
11
14
10
16
11
13
11
9
10
17
7
18
17
13
8
10
10
9
15
16
12
6
9
9
13
11
22
11
15
10
8
12
12
8
16
13
10
13
14
17
19
9
14
12
8
19
17
15
11
8
13
14
9
15
14
15
10
10
10
8
16
15
17
6
22
15
15
8
10
7
10
14
16
16
8
15
11
18
12
15
11
18
15
11
16
13
10
18
14
7
14
15
14
8
16
17
14
10
9
2
13
17
13
17
12
10
10
13
19
12
22
12
10
15
6
8
14
8
10
11
8
8
13
16
15
14
9
9
11
12
7
10
10
4
13
20
12
11
20
12
15
12
8
9
12
14
12
12
18
18
16
19
10
10
6
13
13
14
16
18
11
11
10
7
12
17
20
12
8
14
7
8
13
21
17
9
11
9
12
12
17
18
19
14
6
10
9
9
10
8
11
10
10
17
8
12
7
10
9
9
12
14
11
10
9
6
9
8
16
10
6
11
9
7
9
10
9
9
9
12
14
10
12
8
12
9
9
17
7
16
11
13
10
10
11
10
15
10
5
9
9
12
15
10
11
12
16
9
12
14
3
14
9
7
10
11
11
7
12
11
7
16
17
16
9
16
17
12
12
14
7
11
10
14
14
8
12
12
12
10
11
24
13
10
9
13
14
13
13
17
12
11
16
15
13
8
13
14
14
15
15
6
8
5
4
15
11
6
17
11
9
13
17
5
16
12
14
8
9
12
8
21
12
10
10
8
7
12
13
12
11
12
15
14
9
13
6
5
10
14
11
10
12
12
12
10
11
15
10
16
12
7
6
3
11
12
23
8
14
16
13
10
8
11
18
10
6
12
14
12
16
17
12
6
10
26
8
15
16
7
10
11
8
10
12
11
8
11
10
9
19
13
10
15
10
14
16
11
6
12
6
8
17
14
7
11
10
11
15
10
11
14
11
15
10
19
9
10
13
11
10
12
5
9
10
6
10
12
10
6
8
12
12
15
11
11
9
8
15
10
14
11
7
9
13
11
8
12
13
13
6
2
17
9
15
12
14
15
14
5
9
13
7
10
13
11
5
11
10
12
10
9
6
14
12
8
12
9
18
11
14
8
11
14
13
5
9
11
12
14
18
7
11
11
11
18
9
6
10
12
11
10
12
10
14
9
10
14
12
7
11
13
7
6
8
11
7
8
11
7
11
10
10
7
9
13
11
9
10
13
16
6
9
12
12
13
10
13
9
3
14
14
7
13
11
13
9
9
13
10
12
5
9
9
13
8
9
10
9
10
17
5
9
13
17
5
7
4
5
11
15
6
10
11
7
10
11
1
16
12
6
4
9
13
14
16
6
7
12
8
11
15
12
13
13
4
10
15
9
8
18
10
7
5
11
8
10
18
9
6
5
13
13
12
12
10
11
8
9
14
8
13
8
14
9
5
7
10
13
11
10
10
10
13
12
8
17
8
11
9
10
6
15
9
10
10
14
12
6
12
9
15
8
11
9
9
12
8
15
10
13
15
12
13
6
15
10
13
6
9
14
12
5
7
7
11
6
13
11
9
9
19
5
4
14
7
8
10
13
13
11
13
7
7
10
5
8
9
12
9
19
6
13
8
6
10
10
5
14
8
13
11
6
16
11
7
8
9
8
11
12
10
9
8
8
7
13
13
5
10
10
10
15
13
10
4
15
9
10
12
10
10
8
13
8
8
14
9
9
11
11
5
11
12
10
11
10
9
15
14
9
7
13
8
11
9
13
5
12
8
9
8
6
8
14
12
8
19
13
15
12
18
12
12
10
8
16
12
10
8
10
12
11
9
6
11
15
10
12
14
3
10
12
11
17
9
8
12
11
7
9
13
7
11
16
9
6
13
15
7
7
5
13
6
7
8
9
7
20
10
12
11
16
15
6
12
15
12
13
13
12
11
11
12
8
4
14
11
8
10
9
13
8
8
7
11
9
8
4
11
10
7
9
11
4
6
8
12
10
10
7
12
7
10
12
10
13
17
7
10
14
6
13
13
11
5
8
8
13
9
6
15
14
9
8
7
6
14
8
8
8
13
9
11
5
7
6
5
10
11
7
7
11
15
14
14
12
7
7
10
15
12
10
8
17
9
14
13
10
10
13
6
8
8
10
9
10
17
11
13
8
16
12
6
9
11
7
8
15
9
12
17
9
11
14
8
6
9
7
11
1
3
20
8
14
7
14
5
6
12
12
14
11
7
10
12
9
12
13
10
12
9
5
8
8
12
15
9
13
10
8
11
19
3
7
11
9
8
7
10
13
9
10
11
10
10
8
7
10
9
12
7
12
11
6
11
10
7
17
13
17
8
8
11
11
13
6
9
6
5
12
11
11
13
8
6
7
5
11
5
5
11
13
6
13
9
12
8
8
11
11
9
10
7
9
8
10
3
9
8
9
7
10
10
14
5
16
8
10
10
8
9
11
9
5
10
15
6
14
7
3
1
5
7
9
8
5
8
4
8
13
5
13
7
9
14
6
7
11
12
6
14
10
1
7
6
10
8
10
7
12
12
7
5
12
9
9
8
6
12
7
10
8
6
9
10
7
4
7
6
7
4
17
11
12
12
14
10
6
7
8
11
10
10
12
15
9
8
8
9
11
5
4
10
14
13
11
11
12
7
10
5
7
10
17
7
8
14
11
8
8
14
8
6
10
7
15
10
7
9
7
10
6
6
3
7
10
9
4
8
11
8
13
14
12
12
12
9
16
6
10
10
11
5
7
10
6
6
12
7
6
9
14
8
7
12
4
11
14
8
6
10
3
10
11
12
8
6
8
13
13
11
13
5
9
9
5
5
11
12
6
5
14
8
8
4
3
14
9
12
8
7
9
8
11
5
12
7
9
11
13
5
10
8
13
8
12
12
7
4
16
5
5
10
6
7
11
8
15
15
10
4
15
11
16
13
12
10
16
9
5
10
3
9
8
9
9
12
12
11
10
6
10
10
6
3
5
14
9
10
6
9
14
7
8
8
11
8
12
7
16
12
11
8
10
8
11
7
3
17
19
8
8
8
15
8
3
3
7
2
7
6
11
15
14
10
6
5
7
5
7
6
15
9
8
7
14
9
7
4
8
6
5
12
6
4
8
5
10
14
7
14
15
16
9
7
9
5
7
6
7
16
8
11
12
8
9
4
11
9
8
5
11
13
9
12
7
10
13
10
7
9
6
5
13
9
5
14
7
7
13
11
6
9
6
5
10
7
4
4
8
6
10
5
7
12
5
8
8
8
12
11
8
9
8
15
8
8
6
10
8
16
6
8
18
6
8
8
13
9
7
7
5
7
7
7
6
11
13
6
9
14
12
9
8
8
9
9
19
5
5
14
8
9
13
12
7
10
8
14
17
7
10
6
12
8
9
8
10
11
5
10
13
12
6
7
12
8
10
9
6
11
11
13
11
8
13
15
6
7
4
8
8
10
9
5
11
7
13
5
5
10
10
9
13
12
8
6
8
11
11
11
8
10
10
12
11
13
10
11
7
9
11
7
9
7
6
6
9
3
10
7
13
7
7
11
4
8
7
5
5
7
8
14
12
12
6
9
8
6
8
9
4
8
8
5
5
9
8
8
7
7
10
6
7
13
11
10
11
11
8
5
7
10
13
8
11
8
6
9
6
10
6
5
8
6
8
8
14
9
7
13
8
8
11
11
9
13
7
9
13
8
5
7
8
14
7
2
7
10
7
6
11
9
14
7
6
8
11
5
11
7
6
13
12
4
12
7
9
7
12
5
6
6
5
9
9
10
4
8
8
6
12
7
10
9
7
6
9
9
15
7
9
4
13
12
9
7
7
2
8
15
11
7
8
6
7
8
7
10
8
7
10
7
9
8
6
8
4
9
12
7
10
11
4
9
7
5
7
6
15
10
10
7
11
13
7
8
9
7
12
11
6
9
8
19
6
8
10
9
5
9
4
8
9
11
10
11
10
7
6
14
11
12
6
7
9
10
12
2
10
7
6
5
12
6
15
8
8
10
8
12
3
5
13
7
11
10
9
8
5
4
13
8
4
5
4
8
9
8
14
7
6
6
5
5
6
6
11
11
7
9
6
8
10
4
11
12
11
6
6
12
8
12
11
9
7
6
5
4
8
11
6
6
9
8
8
12
9
13
9
4
6
10
7
13
11
12
12
8
8
8
8
8
9
6
7
6
6
10
4
4
8
10
7
9
3
10
6
9
12
9
8
7
8
7
6
13
8
10
7
12
15
9
10
13
13
6
7
6
14
1
6
10
3
6
7
4
5
8
9
10
11
9
8
5
12
8
5
13
9
7
12
7
10
5
9
10
5
8
7
8
5
10
9
7
11
10
10
8
9
12
8
7
8
4
3
13
6
8
8
4
8
7
8
11
9
8
6
6
19
11
8
11
11
5
8
11
3
11
11
8
10
6
6
6
7
6
7
7
7
9
11
13
11
14
6
12
7
10
9
2
7
13
2
12
5
6
8
12
11
9
7
6
8
9
11
8
4
3
7
3
4
4
8
5
9
5
11
3
6
6
6
7
9
8
5
6
6
10
10
10
4
3
8
5
8
10
8
7
6
8
4
6
9
7
15
9
8
9
5
12
8
9
8
6
9
7
8
8
7
7
5
3
7
7
8
8
5
11
5
9
8
12
6
14
2
5
9
9
8
6
5
9
9
9
9
8
6
3
4
11
9
8
8
4
8
6
8
8
11
8
9
10
11
10
6
7
6
12
7
5
8
4
11
5
6
7
5
9
6
8
8
7
3
8
6
8
4
6
9
10
4
4
9
9
5
8
7
9
10
6
8
6
9
7
5
7
9
5
10
11
6
7
9
9
7
8
11
9
6
3
9
5
9
11
3
5
13
6
6
11
11
5
5
8
10
13
7
7
10
5
11
10
8
9
4
5
10
13
5
11
10
8
6
4
3
3
5
4
7
4
10
9
4
4
7
12
3
12
10
8
4
11
10
10
3
6
6
3
6
9
8
7
12
6
12
10
9
10
8
9
7
13
10
9
11
4
8
4
10
10
11
6
4
9
4
9
8
13
9
9
8
6
5
10
8
7
9
8
6
9
11
3
3
8
6
2
3
4
4
7
9
10
15
13
12
11
10
3
5
8
3
7
13
10
13
8
11
8
8
6
6
11
6
8
11
2
14
7
7
13
3
9
11
9
6
7
6
6
8
11
3
7
6
9
12
8
6
3
7
8
8
9
8
14
6
5
11
8
4
12
4
7
9
8
7
3
5
7
5
11
8
8
8
5
7
4
8
7
9
8
6
5
4
7
10
4
7
6
6
1
10
8
2
8
4
3
4
5
6
5
6
10
11
9
8
6
6
12
11
5
8
5
5
9
9
11
15
11
6
7
8
10
9
3
5
5
4
4
6
6
7
10
3
7
7
4
4
10
9
8
7
6
9
7
7
10
5
7
8
4
7
10
16
8
6
10
10
5
3
5
8
6
4
11
13
8
7
9
7
4
3
6
4
8
6
7
8
3
10
9
7
4
10
11
10
10
8
9
5
6
2
10
7
7
6
10
5
3
10
9
7
6
7
2
8
4
4
4
5
10
6
4
7
9
4
5
9
10
5
4
4
3
17
6
7
5
5
5
10
8
6
3
5
11
6
10
5
7
5
14
5
10
7
5
6
5
7
9
5
7
2
8
10
7
10
10
7
6
7
3
15
3
15
6
8
3
5
6
6
6
9
8
5
6
9
5
8
4
9
3
5
3
7
4
12
8
11
8
7
7
5
9
4
8
9
7
11
6
11
6
6
5
8
4
9
4
7
7
7
9
6
6
6
8
7
8
11
9
9
12
9
6
6
10
3
9
7
5
8
6
15
2
5
4
9
11
9
7
10
9
5
3
15
8
10
6
6
8
3
10
3
6
5
9
9
4
3
9
5
8
7
8
4
8
8
6
6
4
5
12
12
14
8
8
8
3
10
4
6
6
5
2
9
8
10
4
3
8
9
10
10
5
6
8
11
8
7
6
6
4
8
6
5
7
8
10
4
7
6
9
9
6
5
7
7
9
10
10
8
9
15
11
7
6
11
4
10
11
2
7
12
5
11
6
1
6
9
6
10
10
11
4
15
7
9
10
7
10
8
6
8
8
6
5
1
6
5
6
5
6
11
5
3
7
5
6
7
6
7
5
5
8
8
4
7
5
9
16
10
3
9
3
6
7
8
6
10
5
8
4
7
3
6
6
7
8
8
7
5
5
12
6
9
6
7
4
8
14
5
7
8
8
8
7
4
6
5
8
4
8
5
4
6
6
9
6
8
2
3
5
6
10
9
4
6
5
9
4
7
7
9
6
3
12
8
9
3
1
5
6
8
11
4
4
12
9
6
5
1
4
7
8
9
6
4
6
6
10
10
3
8
7
3
4
9
6
5
10
10
9
2
8
7
12
6
5
6
8
9
2
8
6
3
7
14
8
0
6
5
8
2
12
11
8
4
7
4
3
6
2
7
9
2
10
5
6
6
10
5
5
6
6
5
8
5
4
7
4
10
2
5
9
1
1
7
3
3
8
11
4
10
4
8
3
5
4
9
13
4
3
7
4
8
7
4
4
6
4
12
7
5
8
9
7
4
3
6
7
6
4
9
6
8
11
7
8
3
6
4
9
5
5
10
6
6
10
8
7
7
7
3
7
3
8
5
9
9
7
2
8
7
10
11
6
6
5
5
4
6
5
4
4
5
7
6
9
2
9
5
9
11
6
6
4
7
4
9
15
2
3
9
5
11
9
5
11
6
4
9
5
7
7
6
7
4
7
7
3
7
8
10
10
10
9
6
5
10
6
4
6
4
5
4
8
11
11
11
4
6
12
6
6
5
5
9
7
6
3
4
4
6
5
6
9
10
5
7
3
3
5
7
4
7
7
8
7
8
7
3
10
7
10
4
7
7
7
7
9
4
11
8
7
8
9
10
9
6
1
12
1
5
7
4
4
4
4
6
7
13
7
7
3
8
4
6
5
10
10
9
3
3
11
10
5
5
6
12
10
7
9
9
8
10
7
6
6
7
7
7
5
5
9
10
9
5
4
10
5
8
5
5
4
11
6
4
9
6
8
7
5
4
7
8
6
8
11
7
8
4
4
11
12
4
10
9
6
7
7
8
4
7
5
5
2
8
5
6
11
6
4
7
8
5
5
2
10
9
8
6
6
8
6
6
5
5
10
5
4
10
4
5
5
5
6
7
4
4
6
4
9
7
7
3
7
5
11
6
9
4
8
4
8
5
6
4
7
3
7
8
4
4
9
8
8
5
4
6
6
6
4
9
3
6
6
8
6
9
7
11
10
11
3
3
5
4
12
10
8
7
9
7
6
9
9
7
2
4
5
5
4
7
5
8
8
10
9
4
9
5
6
4
3
13
5
5
4
5
7
5
5
6
7
8
9
9
5
8
9
9
9
7
9
7
5
8
7
5
7
7
6
7
7
5
1
6
7
12
6
3
4
6
11
8
3
6
4
2
7
10
7
5
9
7
6
7
7
4
7
13
3
7
7
12
5
9
10
6
6
4
4
3
8
6
5
8
8
7
10
6
8
9
3
3
4
5
8
7
5
15
5
4
4
12
8
8
7
6
5
1
11
7
8
7
4
6
5
9
3
9
11
10
5
5
9
8
5
4
6
9
4
11
10
9
8
11
9
2
11
5
4
6
7
6
7
6
6
7
8
10
7
14
5
7
4
6
8
3
8
9
4
7
5
6
5
8
6
6
6
6
10
6
4
4
8
6
5
5
4
10
6
10
9
4
2
8
5
3
6
5
11
4
6
4
11
1
4
3
4
3
3
7
9
5
10
10
4
7
7
4
9
4
12
10
3
5
2
5
6
7
4
6
6
6
4
3
6
7
5
9
2
4
7
7
7
9
8
3
6
7
4
5
1
10
4
1
5
9
4
1
13
4
8
6
3
4
7
3
9
6
9
8
7
8
3
8
5
9
6
4
12
15
6
10
5
5
9
8
4
5
8
4
4
7
9
4
10
6
5
5
11
7
11
7
11
8
5
6
2
9
6
8
7
9
7
3
12
4
8
8
8
5
4
7
5
5
4
11
10
10
3
5
3
9
15
4
4
10
12
5
7
10
2
3
6
5
9
10
4
5
5
11
7
8
7
6
5
7
6
7
9
3
4
3
9
4
6
10
6
7
8
12
8
6
8
5
6
5
7
5
3
4
4
5
2
4
8
7
6
7
6
7
3
5
4
5
7
7
9
7
7
9
7
13
6
9
4
6
7
6
8
5
10
9
13
4
6
5
10
8
12
7
7
6
4
9
6
5
7
6
7
3
7
2
3
4
8
10
8
6
3
7
10
7
6
6
12
6
7
4
9
6
12
4
7
9
4
11
5
10
6
8
7
5
2
9
5
5
7
6
4
6
9
10
7
8
8
4
2
5
4
5
6
6
9
5
8
8
9
10
9
5
5
6
7
2
6
3
8
6
5
4
4
5
5
4
7
5
4
12
5
8
7
6
5
5
12
7
5
9
4
14
6
7
3
9
4
6
7
5
9
6
6
3
2
4
6
5
6
4
3
0
6
5
4
6
10
6
9
9
5
7
4
6
5
13
5
8
8
14
4
7
8
7
5
12
6
9
4
7
5
3
8
2
5
9
8
11
6
3
5
5
4
5
5
7
3
8
5
4
6
6
6
16
9
8
4
3
8
5
6
6
8
10
15
15
14
2
5
4
9
7
6
5
10
1
6
6
5
7
4
7
4
10
9
11
6
6
5
6
10
8
7
4
3
7
7
5
8
9
5
6
3
5
5
5
6
7
5
4
6
8
6
5
5
7
9
4
6
3
4
7
6
8
3
5
4
6
6
2
6
7
8
9
6
7
8
6
8
6
8
3
10
9
5
5
7
4
10
9
8
6
4
9
9
7
6
11
6
7
6
10
6
5
12
13
14
11
10
7
6
5
7
2
6
1
6
8
10
9
7
9
8
5
3
4
6
5
6
4
7
8
6
6
8
5
8
13
6
3
9
6
3
7
8
11
3
9
7
7
5
5
6
10
6
10
4
8
6
6
3
5
13
8
4
5
0
7
7
6
6
8
7
4
5
5
5
7
4
2
2
6
7
4
4
13
3
9
6
4
13
5
7
5
8
10
3
5
9
8
3
5
4
5
4
2
4
9
6
5
9
10
8
10
4
5
3
7
12
3
8
4
6
2
3
8
8
9
9
11
4
8
8
6
11
7
6
6
6
4
8
6
8
7
1
10
7
7
5
4
8
5
7
2
5
4
7
6
6
6
9
2
8
7
7
5
5
5
2
4
8
8
8
9
4
12
11
7
11
6
7
6
6
7
8
6
7
5
4
5
11
6
5
5
4
1
3
10
4
14
4
4
13
4
11
6
7
5
5
5
8
4
9
5
10
8
7
4
8
5
3
6
6
4
4
4
3
5
6
6
7
9
10
4
11
9
11
5
9
5
5
12
6
7
5
5
3
4
7
4
2
5
7
7
7
7
4
10
9
11
8
8
8
3
9
8
8
5
7
10
12
5
11
9
5
5
4
6
8
4
9
3
10
9
7
9
2
7
6
8
5
11
7
9
7
4
8
12
8
10
10
3
8
6
11
6
14
10
7
5
8
6
4
4
5
6
7
9
9
7
7
9
6
6
7
9
13
5
11
9
8
11
10
6
5
7
5
3
3
13
5
13
8
8
7
6
13
14
9
7
5
7
13
13
8
4
3
12
11
10
7
4
9
14
10
12
14
8
2
6
16
14
11
8
12
9
12
8
9
7
15
9
10
13
7
4
13
12
6
7
12
6
11
6
11
7
13
10
14
8
9
17
4
13
10
9
16
11
14
15
14
16
13
17
22
10
14
11
17
16
9
11
15
7
15
15
11
11
14
9
15
17
7
18
10
14
11
9
9
11
14
17
18
14
12
12
8
15
16
16
14
18
15
18
15
15
9
12
27
6
12
30
16
18
13
25
12
14
13
27
18
23
14
19
21
16
14
18
25
22
26
22
24
10
12
19
24
22
23
23
27
14
18
28
16
18
20
24
16
15
32
25
32
28
19
21
24
24
24
21
25
29
28
30
26
21
30
17
27
20
31
22
27
37
38
27
27
30
28
37
33
23
35
19
25
33
33
33
37
25
47
37
35
32
35
26
35
28
32
30
46
28
33
46
33
40
30
41
38
48
48
39
45
45
47
40
42
51
38
41
36
40
29
34
33
49
35
35
40
38
30
34
45
50
38
45
53
58
53
50
52
50
39
50
44
49
57
56
43
52
39
54
51
60
47
41
51
49
62
46
56
48
56
66
48
57
70
62
48
51
59
64
71
59
73
48
52
47
51
54
60
59
51
53
58
60
74
53
68
68
49
67
69
67
62
52
63
56
76
65
70
68
61
59
65
58
63
64
71
58
72
69
65
61
64
77
75
77
80
81
80
85
66
85
86
65
65
90
81
57
80
81
83
67
72
93
87
106
84
74
83
71
98
76
80
100
93
82
74
87
87
87
76
111
92
90
89
92
113
97
101
93
79
92
87
89
81
73
111
102
95
103
98
93
96
91
114
92
97
103
95
124
104
100
95
118
94
95
128
108
115
115
98
104
94
112
87
121
101
118
113
96
130
115
100
124
128
93
122
125
124
134
120
122
115
124
133
128
117
123
125
134
121
123
126
135
122
148
126
115
115
128
131
139
125
134
142
122
133
147
129
128
150
171
149
142
134
144
135
142
159
135
147
136
134
137
188
151
170
151
183
157
149
161
151
171
153
182
171
168
164
159
171
167
180
170
163
164
186
198
209
188
164
174
167
183
167
211
189
195
206
203
204
191
188
203
188
204
183
221
219
197
226
210
222
232
211
212
199
216
224
223
222
244
260
246
235
231
244
243
250
234
260
224
236
252
264
275
258
256
278
273
273
255
248
272
275
251
304
289
311
320
258
294
296
319
293
277
306
288
317
349
320
297
311
311
324
324
340
314
323
339
364
324
361
325
353
367
345
350
396
360
357
379
403
395
374
390
389
379
423
405
377
410
415
411
440
383
378
416
377
433
423
392
415
423
440
464
453
431
444
466
440
426
447
479
439
448
446
483
475
482
480
466
451
442
528
539
491
522
531
525
513
500
500
533
542
501
551
577
498
556
544
573
532
534
610
515
531
593
586
576
542
625
548
596
585
632
613
563
583
644
617
613
588
624
604
632
590
575
609
618
617
656
626
599
637
640
679
677
665
708
645
654
645
666
676
602
682
673
671
701
658
724
636
728
648
662
674
674
704
716
686
691
645
668
671
689
662
712
712
707
718
738
738
761
759
762
743
737
714
714
702
734
725
754
788
688
756
758
772
742
673
798
764
722
726
740
806
765
704
775
786
769
727
794
814
731
809
821
728
829
795
805
782
734
833
780
781
734
770
801
787
828
789
790
766
798
805
815
822
781
777
774
808
827
805
818
763
833
813
818
771
804
798
847
815
855
755
770
799
848
870
839
756
804
762
819
804
870
784
859
817
834
809
817
822
830
803
826
805
829
846
795
764
818
818
794
827
844
884
788
821
836
811
850
834
832
853
851
812
857
827
837
804
822
851
852
850
828
859
883
833
793
817
792
879
836
848
797
844
867
818
828
833
816
876
855
803
855
810
821
858
854
864
841
814
872
800
829
821
901
849
850
783
892
868
872
824
803
833
833
833
832
834
824
797
821
792
827
800
826
799
821
846
836
834
834
839
793
818
857
845
885
845
868
803
824
825
818
843
838
860
787
845
812
834
828
852
856
799
829
779
801
792
818
793
851
794
885
850
818
829
841
834
803
773
825
816
917
813
849
867
827
755
818
929
866
878
830
899
799
863
793
827
815
846
782
857
800
818
835
805
805
836
811
815
830
802
787
799
811
867
782
754
832
827
768
753
800
818
837
799
833
827
803
820
813
824
840
863
828
760
835
783
826
816
769
747
762
745
852
762
752
808
797
812
789
798
794
804
838
803
801
827
830
799
821
850
869
768
828
822
810
798
751
818
787
775
769
803
793
835
841
813
780
860
802
815
821
801
813
809
818
792
717
862
819
803
837
766
810
771
849
807
836
795
817
811
789
879
813
820
825
789
738
793
815
758
795
799
780
804
830
754
758
807
807
830
809
818
748
754
786
767
793
850
786
783
797
748
814
809
797
777
779
781
738
776
755
855
806
777
762
762
831
844
813
804
750
753
786
810
764
804
758
798
783
785
771
768
783
785
739
785
777
756
783
789
758
774
794
795
771
790
804
848
784
801
772
810
765
798
750
711
781
754
757
806
753
800
823
791
752
807
829
774
762
800
817
790
751
856
772
774
740
764
771
789
752
782
727
775
757
744
793
786
751
745
825
819
758
731
757
784
778
741
730
734
785
806
747
748
753
736
732
772
793
761
819
820
786
800
798
746
779
758
733
756
773
805
784
775
777
753
827
796
779
770
774
800
792
801
747
792
837
788
784
817
785
846
771
774
737
803
751
796
771
775
742
772
779
763
757
758
793
799
735
744
770
782
797
784
801
788
782
768
846
741
811
774
743
774
794
765
767
743
777
754
728
782
787
773
780
730
772
725
758
731
747
744
800
742
770
718
769
774
750
737
769
751
705
750
735
755
747
752
796
749
791
742
755
762
773
763
727
792
763
728
725
723
779
703
779
720
763
741
738
727
743
737
742
748
735
773
678
740
730
778
772
721
757
740
688
732
754
764
738
729
719
762
683
706
727
761
708
701
703
746
715
715
758
705
727
722
715
686
734
709
722
689
749
689
717
705
713
734
702
737
712
659
769
783
734
717
720
696
750
715
728
756
723
702
747
712
739
702
751
733
740
740
748
718
720
669
730
688
730
725
697
676
739
702
673
717
709
736
601
758
736
746
740
724
733
682
734
710
666
746
729
681
690
706
694
697
727
717
716
725
691
702
673
712
693
749
685
677
724
695
679
672
713
735
692
682
682
705
720
714
699
743
706
673
672
712
730
719
727
691
701
719
726
715
689
766
718
732
650
669
719
727
670
690
748
716
712
712
692
722
725
659
678
706
724
657
707
760
673
686
691
675
692
698
743
709
709
692
659
717
733
690
710
693
722
667
704
682
696
700
686
686
681
690
756
697
711
683
690
727
705
701
752
682
693
663
669
689
690
694
719
697
737
653
677
656
701
723
708
700
644
682
703
687
651
710
711
663
672
671
729
653
650
698
686
661
743
658
667
731
734
718
704
687
686
733
679
725
677
703
701
667
705
681
696
684
637
694
673
682
657
673
678
673
674
684
671
717
665
684
702
722
647
688
644
680
652
679
634
644
695
660
656
640
707
716
650
686
644
705
659
696
661
665
654
680
662
625
656
772
685
620
653
694
665
660
673
686
663
628
657
679
680
664
699
649
676
658
656
660
665
663
670
686
710
669
662
636
669
705
634
644
640
723
660
674
658
657
664
647
710
653
661
682
624
692
655
658
641
648
653
634
684
653
641
648
629
642
600
673
636
650
661
659
616
648
638
627
690
673
641
671
637
652
673
623
579
667
659
629
623
685
631
657
622
641
605
649
653
656
653
668
671
639
612
582
605
601
699
611
651
649
661
633
620
625
625
598
623
657
627
642
652
615
631
623
624
618
655
677
638
656
649
697
597
605
636
615
631
679
584
576
607
559
607
642
634
587
597
629
619
611
612
595
590
620
655
618
656
623
630
617
588
615
593
607
638
623
590
617
629
659
616
640
634
610
654
592
648
635
629
595
608
659
606
623
594
640
637
616
595
631
558
620
607
667
656
622
620
634
633
637
620
593
661
597
631
646
591
570
609
663
615
625
584
624
600
630
626
623
608
651
613
602
603
581
569
603
614
608
583
617
573
625
625
548
644
658
649
578
629
608
625
604
615
619
634
592
619
609
588
628
596
601
616
601
576
562
600
574
573
594
575
628
586
586
568
596
581
611
595
578
607
616
604
607
594
618
565
608
562
588
591
569
579
604
542
587
611
604
592
596
592
582
589
576
611
608
599
565
596
602
581
586
550
577
617
591
556
601
565
621
606
598
606
604
595
598
572
594
595
569
617
588
609
555
579
563
603
559
595
585
565
623
589
593
594
569
613
584
653
569
557
575
597
543
591
547
614
597
573
522
550
602
585
542
573
645
577
620
612
549
559
618
564
554
559
545
611
531
568
601
590
535
567
533
566
545
557
574
548
582
598
533
575
576
540
542
573
518
544
563
542
590
568
574
631
576
514
531
598
593
570
575
560
549
568
564
522
530
599
580
508
583
547
521
573
589
585
599
562
540
556
544
586
561
556
574
530
550
518
567
588
510
530
553
532
545
568
547
550
545
548
537
567
508
583
582
572
515
571
556
590
574
532
562
554
549
556
550
577
547
543
544
589
552
587
533
549
541
561
551
582
575
603
523
551
520
534
506
573
537
580
539
533
573
545
562
549
583
536
532
530
560
561
550
569
511
562
572
522
486
555
530
556
556
574
531
567
555
535
572
511
531
492
492
520
510
556
515
538
526
521
540
534
539
548
524
541
545
548
559
506
526
581
545
510
524
527
490
575
538
526
507
561
548
535
491
494
508
534
561
517
528
565
514
568
589
514
579
543
526
530
551
549
532
551
547
575
525
540
527
508
504
507
532
547
548
525
553
531
522
479
523
545
518
495
511
507
534
528
518
501
500
555
477
536
520
549
509
536
561
493
500
521
552
530
540
557
545
493
509
523
473
526
519
549
493
519
523
533
526
522
548
484
497
515
539
507
520
540
488
516
516
489
518
478
500
507
495
481
518
509
510
513
457
528
498
490
473
513
528
517
525
450
460
491
518
498
517
513
520
495
510
506
501
476
475
513
490
521
562
500
533
513
480
510
481
491
496
510
491
488
465
498
541
540
503
500
482
487
493
460
504
490
521
451
514
479
492
548
462
507
481
522
495
481
485
494
471
494
510
518
504
526
508
529
485
502
475
478
488
490
493
468
454
455
476
452
438
469
469
468
507
461
485
817836
