gi_48994873_gb_U00096.2_
15464 16655
19873 20359
223702 228928
269840 270908
278464 279258
289742 290548
314530 315630
339155 339339
356700 356899
376654 376753
380561 381739
391009 392114
566071 567181
573886 574936
580132 580508
687147 688195
729102 729700
730358 732399
733448 734066
779777 780065
1049382 1049692
1093545 1094645
1096264 1096548
1268769 1269837
1394140 1395190
1430375 1432293
1466010 1467319
1526428 1527121
1529992 1530529
1568969 1569749
1631051 1632121
1632655 1632969
1633940 1634029
1648944 1649495
1976604 1977218
2064277 2065246
2067671 2068220
2099847 2100895
2227251 2227304
2287018 2288004
2302450 2302788
2512372 2513562
2519352 2519465
2660515 2660605
2724161 2724413
2725472 2729248
2994460 2995011
3128245 3129291
3184194 3185371
3363672 3364698
3390092 3390183
3421517 3426939
3468755 3468983
3581527 3582145
3617373 3619107
3620313 3620669
3622628 3623423
3650130 3651182
3664305 3665283
3706382 3706549
3761961 3763773
3939693 3944895
4033265 4038804
4092516 4092622
4164399 4169866
4174179 4175055
4205943 4206023
4207726 4208045
4209788 4210781
4294346 4294456
4324048 4324270
4390460 4390605
4496281 4497458
4505558 4506625
