gi_48994873_gb_U00096.2_
4845 5755
22789 34847
55803 56162
63275 76251
96742 110103
135286 135385
156532 164885
201493 206783
239891 246390
265804 266081
324971 326538
353441 361101
371909 372538
375701 378889
406674 411094
427026 439780
450189 454828
478064 481954
504893 510237
573552 575338
620911 624575
700678 701691
793545 795968
811376 816245
823031 828801
874124 874456
906069 934010
961041 971237
997985 1001215
1021753 1024040
1028860 1037910
1077420 1079437
1085914 1090371
1133812 1147212
1156024 1156706
1169702 1170421
1178149 1182948
1242860 1260245
1268583 1270096
1281943 1290419
1314673 1314800
1335593 1336323
1347796 1375973
1456376 1458635
1476670 1477915
1493974 1501012
1502869 1503748
1597511 1616064
1666917 1669997
1716570 1721173
1901417 1904210
1908917 1912109
1941896 1946444
1954213 1960042
2048405 2073850
2079301 2081411
2155066 2164845
2195748 2197193
2198408 2199830
2216821 2233019
2242759 2251513
2307206 2311668
2321063 2325807
2329503 2334043
2409546 2410916
2419022 2427324
2440733 2449818
2509904 2512294
2558729 2561692
2604863 2605865
2612599 2616084
2666337 2677028
2686217 2687423
2695245 2695965
2711529 2714995
2729712 2734538
2818120 2821329
2837915 2841841
2862515 2874062
2881278 2881622
2930683 2933980
2954781 2955936
2966498 2969038
3012677 3018321
3027226 3029627
3040438 3040524
3055197 3060018
3094780 3118071
3189355 3226996
3229835 3230174
3272979 3277963
3299559 3308411
3320109 3337338
3355259 3359540
3411795 3428895
3436918 3437923
3494462 3501224
3507282 3509083
3518019 3528760
3545698 3546901
3594837 3595484
3681407 3683846
3726702 3731037
3851589 3852508
3894532 3904049
3921825 3922316
3972699 3976533
3978988 3983254
4046170 4047865
4058791 4066785
4092727 4102047
4130283 4133345
4140836 4150714
4197157 4214532
4264480 4265904
4276737 4301488
4303698 4307018
4316415 4318624
4321734 4325067
4343773 4346096
4358220 4359943
4370393 4380771
4393732 4420990
4447937 4450964
4491287 4512171
4551894 4556512
4604406 4613297
4615150 4638013
